             precision    recall  f1-score   support

          0       0.64      0.63      0.64       728
          1       0.36      0.41      0.38       761
          2       0.72      0.63      0.67       875
          3       0.61      0.65      0.63       608
          4       0.59      0.59      0.59       628

avg / total       0.59      0.58      0.58      3600

--------------LinearSVC------------
[[461 102  40  73  52]
 [ 92 309 106 112 142]
 [ 60 163 555  61  36]
 [ 43 114  35 395  21]
 [ 62 162  34   2 368]]
CORRECT PREDICTIONS:
2088
TOTAL PREDICTIONS:
3600
ACCURACY:
0.58
